:BEGIN
Starting_time 2020-11-30 11:18:38
Process FS
SN FM7049103SXJQ0WA7H
Config VJ613_07913
Machine_number 1
Sample_number 1
Fixture_No 1
Point_No 1
Measuring_machine_number CMM_01
Name_of_surveyor Jun_Xiao
Measure_labor_number 951797
Trial_Number 0
FAI1_1 -0.0319 0 0.035 0.035 -0.0319 0
FAI1_2 -0.0316 0 0.035 0.035 -0.0316 0
FAI1_3 -0.0322 0 0.035 0.035 -0.0322 0
FAI1_4 -0.0327 0 0.035 0.035 -0.0327 0
FAI1_5 -0.0322 0 0.035 0.035 -0.0322 0
FAI1_6 -0.0308 0 0.035 0.035 -0.0308 0
FAI1_7 -0.0308 0 0.035 0.035 -0.0308 0
FAI1 0.0327 0 0.035 0.035 0.0327 0
FAI2_1 0.0028 0 0.015 0 0.0028 0
FAI2_2 0.0065 0 0.015 0 0.0065 0
FAI2_3 0.0029 0 0.015 0 0.0029 0
FAI2_4 0.0018 0 0.015 0 0.0018 0
FAI2_5 0.0066 0 0.015 0 0.0066 0
FAI2_6 0.0058 0 0.015 0 0.0058 0
FAI2_7 0.0031 0 0.015 0 0.0031 0
FAI2_8 0.0027 0 0.015 0 0.0027 0
FAI2_9 0.0013 0 0.015 0 0.0013 0
FAI2_10 0.0036 0 0.015 0 0.0036 0
End_time 2020-11-30 11:31:40
:END
:BEGIN
Starting_time 2020-11-30 11:31:40
Process FS
SN FM7049103WMJQ0WA5H
Config VJ613_07913
Machine_number 1
Sample_number 2
Fixture_No 1
Point_No 1
Measuring_machine_number CMM_01
Name_of_surveyor Jun_Xiao
Measure_labor_number 951797
Trial_Number 0
FAI1_1 -0.0304 0 0.035 0.035 -0.0304 0
FAI1_2 -0.0299 0 0.035 0.035 -0.0299 0
FAI1_3 -0.0329 0 0.035 0.035 -0.0329 0
FAI1_4 -0.034 0 0.035 0.035 -0.034 0
FAI1_5 -0.0352 0 0.035 0.035 -0.0352 0.0002
FAI1_6 -0.0354 0 0.035 0.035 -0.0354 0.0004
FAI1_7 -0.0333 0 0.035 0.035 -0.0333 0
FAI1 0.0354 0 0.035 0.035 0.0354 0.0004
FAI2_1 0.0008 0 0.015 0 0.0008 0
FAI2_2 0.0032 0 0.015 0 0.0032 0
FAI2_3 0.0046 0 0.015 0 0.0046 0
FAI2_4 0.0046 0 0.015 0 0.0046 0
FAI2_5 0.0069 0 0.015 0 0.0069 0
FAI2_6 0.008 0 0.015 0 0.008 0
FAI2_7 0.0073 0 0.015 0 0.0073 0
FAI2_8 0.0052 0 0.015 0 0.0052 0
FAI2_9 0.0023 0 0.015 0 0.0023 0
FAI2_10 0.0039 0 0.015 0 0.0039 0
End_time 2020-11-30 11:39:43
:END
:BEGIN
Starting_time 2020-11-30 11:39:43
Process FS
SN FM7049105U3JQ0WATH
Config VJ613_07913
Machine_number 1
Sample_number 3
Fixture_No 1
Point_No 1
Measuring_machine_number CMM_01
Name_of_surveyor tan_xi_wen
Measure_labor_number 1090811
Trial_Number 0
FAI1_1 -0.0063 0 0.035 0.035 -0.0063 0
FAI1_2 -0.0036 0 0.035 0.035 -0.0036 0
FAI1_3 -0.0006 0 0.035 0.035 -0.0006 0
FAI1_4 -0.0019 0 0.035 0.035 -0.0019 0
FAI1_5 0.0012 0 0.035 0.035 0.0012 0
FAI1_6 0.0022 0 0.035 0.035 0.0022 0
FAI1_7 0.0011 0 0.035 0.035 0.0011 0
FAI1 0.0063 0 0.035 0.035 0.0063 0
FAI2_1 0.0025 0 0.015 0 0.0025 0
FAI2_2 0.0042 0 0.015 0 0.0042 0
FAI2_3 0.0015 0 0.015 0 0.0015 0
FAI2_4 0.003 0 0.015 0 0.003 0
FAI2_5 0.0035 0 0.015 0 0.0035 0
FAI2_6 0.0041 0 0.015 0 0.0041 0
FAI2_7 0.0014 0 0.015 0 0.0014 0
FAI2_8 0.0021 0 0.015 0 0.0021 0
FAI2_9 0.0024 0 0.015 0 0.0024 0
FAI2_10 0.0006 0 0.015 0 0.0006 0
End_time 2020-11-30 11:49:27
:END
:BEGIN
Starting_time 2020-11-30 11:49:27
Process FS
SN FM7049102PNJQ0WASH
Config VJ613_07913
Machine_number 1
Sample_number 4
Fixture_No 1
Point_No 2
Measuring_machine_number CMM_01
Name_of_surveyor tan_xi_wen
Measure_labor_number 1090811
Trial_Number 0
FAI1_1 -0.0002 0 0.035 0.035 -0.0002 0
FAI1_2 0.0013 0 0.035 0.035 0.0013 0
FAI1_3 -0.0021 0 0.035 0.035 -0.0021 0
FAI1_4 -0.0011 0 0.035 0.035 -0.0011 0
FAI1_5 -0.0028 0 0.035 0.035 -0.0028 0
FAI1_6 -0.002 0 0.035 0.035 -0.002 0
FAI1_7 -0.0029 0 0.035 0.035 -0.0029 0
FAI1 0.0029 0 0.035 0.035 0.0029 0
FAI2_1 0.0031 0 0.015 0 0.0031 0
FAI2_2 0.0028 0 0.015 0 0.0028 0
FAI2_3 0.001 0 0.015 0 0.001 0
FAI2_4 0.0033 0 0.015 0 0.0033 0
FAI2_5 0.0068 0 0.015 0 0.0068 0
FAI2_6 0.0046 0 0.015 0 0.0046 0
FAI2_7 0.0016 0 0.015 0 0.0016 0
FAI2_8 0.0017 0 0.015 0 0.0017 0
FAI2_9 0.0046 0 0.015 0 0.0046 0
FAI2_10 0.0015 0 0.015 0 0.0015 0
End_time 2020-11-30 11:57:59
:END
:BEGIN
Starting_time 2020-11-30 11:57:59
Process FS
SN FM7049103RAJQ0WAXH
Config VJ613_07913
Machine_number 1
Sample_number 5
Fixture_No 1
Point_No 2
Measuring_machine_number CMM_01
Name_of_surveyor tan_xi_wen
Measure_labor_number 1090811
Trial_Number 0
FAI1_1 -0.0121 0 0.035 0.035 -0.0121 0
FAI1_2 -0.013 0 0.035 0.035 -0.013 0
FAI1_3 -0.0155 0 0.035 0.035 -0.0155 0
FAI1_4 -0.0173 0 0.035 0.035 -0.0173 0
FAI1_5 -0.0142 0 0.035 0.035 -0.0142 0
FAI1_6 -0.0122 0 0.035 0.035 -0.0122 0
FAI1_7 -0.0156 0 0.035 0.035 -0.0156 0
FAI1 0.0173 0 0.035 0.035 0.0173 0
FAI2_1 0.0002 0 0.015 0 0.0002 0
FAI2_2 0.0006 0 0.015 0 0.0006 0
FAI2_3 0.0014 0 0.015 0 0.0014 0
FAI2_4 0.0014 0 0.015 0 0.0014 0
FAI2_5 0.0037 0 0.015 0 0.0037 0
FAI2_6 0.0052 0 0.015 0 0.0052 0
FAI2_7 0.0033 0 0.015 0 0.0033 0
FAI2_8 0.0016 0 0.015 0 0.0016 0
FAI2_9 0.0012 0 0.015 0 0.0012 0
FAI2_10 0.0018 0 0.015 0 0.0018 0
End_time 2020-11-30 12:06:15
:END
:BEGIN
Starting_time 2020-11-30 12:06:15
Process FS
SN FM70491046YJQ0WAXH
Config VJ613_07913
Machine_number 1
Sample_number 6
Fixture_No 1
Point_No 2
Measuring_machine_number CMM_01
Name_of_surveyor tan_xi_wen
Measure_labor_number 1090811
Trial_Number 0
FAI1_1 -0.0106 0 0.035 0.035 -0.0106 0
FAI1_2 -0.0117 0 0.035 0.035 -0.0117 0
FAI1_3 -0.0128 0 0.035 0.035 -0.0128 0
FAI1_4 -0.015 0 0.035 0.035 -0.015 0
FAI1_5 -0.0139 0 0.035 0.035 -0.0139 0
FAI1_6 -0.014 0 0.035 0.035 -0.014 0
FAI1_7 -0.013 0 0.035 0.035 -0.013 0
FAI1 0.015 0 0.035 0.035 0.015 0
FAI2_1 0.0002 0 0.015 0 0.0002 0
FAI2_2 0.0011 0 0.015 0 0.0011 0
FAI2_3 0.0018 0 0.015 0 0.0018 0
FAI2_4 0.0028 0 0.015 0 0.0028 0
FAI2_5 0.0047 0 0.015 0 0.0047 0
FAI2_6 0.0047 0 0.015 0 0.0047 0
FAI2_7 0.0031 0 0.015 0 0.0031 0
FAI2_8 0.0028 0 0.015 0 0.0028 0
FAI2_9 0.0026 0 0.015 0 0.0026 0
FAI2_10 0.0031 0 0.015 0 0.0031 0
End_time 2020-11-30 12:14:26
:END
